
1.1.true

ReqID	a(SrcNode)	i(DesNode)	k(Path)	p(Ratio)	dtTrans	tArrival	start	end	timeSer(PSO)	t_wait	t_proc	t_serv	moved_data
1	V6	V1	V6	0.1515151515151515	0.12121212121212119	0.12121212121212119	0.12121212121212119	1.121212121212121	2.121212121212121	0.0	0.9999999999999999	1.121212121212121	0.0
1	V6	V6	V6	0.5454545454545455	0.0	0.0	0.0	1.0	3.600000000000001	0.0	1.0	1.0	78.78787878787881
1	V6	V7	V6	0.1515151515151515	0.12121212121212119	0.12121212121212119	0.12121212121212119	1.121212121212121	1.121212121212121	0.0	0.9999999999999999	1.121212121212121	0.0
1	V6	V11	V6	0.1515151515151515	0.12121212121212119	0.12121212121212119	0.12121212121212119	1.121212121212121	1.121212121212121	0.0	0.9999999999999999	1.121212121212121	0.0
11	V0	V0	V0	0.8484848484848485	0.0	0.0	0.0	1.0	5.6000000000000005	0.0	1.0	1.0	139.39393939393938
11	V0	V1	V0	0.1515151515151515	0.12121212121212119	0.12121212121212119	1.121212121212121	2.121212121212121	2.121212121212121	0.9999999999999999	1.0	2.121212121212121	0.0
21	V5	V5	V5	0.8484848484848485	0.0	0.0	0.0	1.0	5.6000000000000005	0.0	1.0	1.0	139.39393939393938
21	V5	V10	V5	0.1515151515151515	0.12121212121212119	0.12121212121212119	0.12121212121212119	1.121212121212121	1.121212121212121	0.0	0.9999999999999999	1.121212121212121	0.0
2	V6	V1	V6	0.1515151515151515	0.12121212121212119	1.121212121212121	2.121212121212121	3.121212121212121	3.2424242424242418	1.0	1.0	2.121212121212121	0.0
2	V6	V6	V6	0.5621230140609315	0.0	1.0	1.0	2.0	3.710011892802148	0.0	1.0	1.0	82.121572509156
2	V6	V7	V6	0.11002913467366536	0.08802330773893229	1.0880233077389323	1.121212121212121	1.8474044100583127	0.9354277177972449	0.033188813473188805	0.7261922888461916	0.8474044100583127	0.0
2	V6	V10	V6	0.024817548235100215	0.019854038588080172	1.01985403858808	1.121212121212121	1.2850079395637826	1.3048619781518627	0.101358082624041	0.16379581835166146	0.2850079395637826	0.0
2	V6	V11	V6	0.1515151515151515	0.12121212121212119	1.121212121212121	1.121212121212121	2.121212121212121	1.242424242424242	0.0	1.0	1.121212121212121	0.0
12	V0	V0	V0	0.8484848484848485	0.0	1.0	1.0	2.0	5.6000000000000005	0.0	1.0	1.0	139.39393939393938
12	V0	V1	V0	0.1515151515151515	0.12121212121212119	1.121212121212121	3.121212121212121	4.121212121212121	3.2424242424242418	2.0	1.0	3.121212121212121	0.0
22	V5	V5	V5	0.8484848484848485	0.0	1.0	1.0	2.0	5.6000000000000005	0.0	1.0	1.0	139.39393939393938
22	V5	V10	V5	0.1515151515151515	0.12121212121212119	1.121212121212121	1.2850079395637826	2.2850079395637826	1.4062200607759034	0.16379581835166146	1.0	1.2850079395637826	0.0
3	V6	V1	V6	0.1515151515151515	0.12121212121212119	2.121212121212121	5.121212121212121	6.121212121212121	4.242424242424241	3.0	1.0	4.121212121212121	0.0
3	V6	V6	V6	0.618269219252875	0.0	2.0	2.0	3.0	4.080576847068976	0.0	1.0	1.0	93.3508135475447
3	V6	V7	V6	0.01705039459976178	0.013640315679809422	2.0136403156798095	2.0136403156798095	2.126172920038237	0.12617292003823716	0.0	0.1125326043584276	0.12617292003823702	0.0
3	V6	V10	V6	0.1515151515151515	0.12121212121212119	2.121212121212121	2.2850079395637826	3.2850079395637826	2.4062200607759032	0.16379581835166146	1.0	1.2850079395637826	0.0
3	V6	V11	V6	0.06165008311706026	0.04932006649364821	2.049320066493648	2.121212121212121	2.528102669784719	0.5774227362783668	0.07189205471847293	0.40689054857259777	0.5281026697847189	0.0
13	V0	V0	V0	0.8484848484848485	0.0	2.0	2.0	3.0	5.6000000000000005	0.0	1.0	1.0	139.39393939393938
13	V0	V1	V0	0.1515151515151515	0.12121212121212119	2.121212121212121	4.121212121212121	5.121212121212121	4.242424242424241	2.0	1.0	3.121212121212121	0.0
23	V5	V5	V5	0.8484848484848485	0.0	2.0	2.0	3.0	5.6000000000000005	0.0	1.0	1.0	139.39393939393938
23	V5	V10	V5	0.1515151515151515	0.12121212121212119	2.121212121212121	3.2850079395637826	4.285007939563783	2.4062200607759032	1.1637958183516615	1.0	2.2850079395637826	0.0
4	V6	V1	V6	0.1515151515151515	0.12121212121212119	3.121212121212121	6.121212121212121	7.121212121212121	5.242424242424241	3.0	1.0	4.121212121212121	0.0
4	V6	V6	V6	0.5219759356214925	0.0	3.0	3.0	4.0	3.44504117510185	0.0	1.0	1.0	74.09215682126819
4	V6	V7	V6	0.023478609833053037	0.01878288786644243	3.0187828878664424	3.0187828878664424	3.1737417127645924	0.1737417127645925	0.0	0.15495882489814994	0.17374171276459238	0.0
4	V6	V10	V6	0.1515151515151515	0.12121212121212119	3.121212121212121	4.285007939563783	5.285007939563783	3.4062200607759032	1.1637958183516615	1.0	2.2850079395637826	0.0
4	V6	V11	V6	0.1515151515151515	0.12121212121212119	3.121212121212121	3.121212121212121	4.121212121212121	1.121212121212121	0.0	1.0	1.121212121212121	0.0
14	V0	V0	V0	0.8484848484848485	0.0	3.0	3.0	4.0	5.6000000000000005	0.0	1.0	1.0	139.39393939393938
14	V0	V1	V0	0.1515151515151515	0.12121212121212119	3.121212121212121	7.121212121212121	8.121212121212121	5.242424242424241	4.0	1.0	5.121212121212121	0.0
24	V5	V5	V5	0.8484848484848485	0.0	3.0	3.0	4.0	5.6000000000000005	0.0	1.0	1.0	139.39393939393938
24	V5	V10	V5	0.1515151515151515	0.12121212121212119	3.121212121212121	5.285007939563783	6.285007939563783	3.4062200607759032	2.1637958183516615	1.0	3.2850079395637826	0.0
5	V6	V1	V6	0.0024507980906068676	0.001960638472485494	4.001960638472485	8.121212121212121	8.137387388610126	5.139348027082611	4.119251482739636	0.016175267398004678	4.137387388610126	0.0
5	V6	V6	V6	0.6946686293667247	0.0	4.0	4.0	5.0	4.584812953820383	0.0	1.0	1.0	108.63069557031464
5	V6	V7	V6	0.1515151515151515	0.12121212121212119	4.121212121212121	4.121212121212121	5.121212121212121	1.121212121212121	0.0	1.0	1.121212121212121	0.0
5	V6	V10	V6	0.11197337944718683	0.08957870355774947	4.089578703557749	6.285007939563783	7.024032243915215	4.113610947472965	2.1954292360060332	0.7390243043514326	3.024032243915215	0.0
5	V6	V11	V6	0.039392041580330064	0.031513633264264054	4.0315136332642645	4.121212121212121	4.3811995956422995	0.4127132289065635	0.08969848794785662	0.25998747443017844	0.3811995956422991	0.0
15	V0	V0	V0	0.8484848484848485	0.0	4.0	4.0	5.0	5.6000000000000005	0.0	1.0	1.0	139.39393939393938
15	V0	V1	V0	0.1515151515151515	0.12121212121212119	4.121212121212121	8.137387388610126	9.137387388610126	5.258599509822247	4.016175267398005	1.0	5.137387388610126	0.0
25	V5	V5	V5	0.8484848484848485	0.0	4.0	4.0	5.0	5.6000000000000005	0.0	1.0	1.0	139.39393939393938
25	V5	V10	V5	0.1515151515151515	0.12121212121212119	4.121212121212121	7.024032243915215	8.024032243915215	4.145244365127336	2.902820122703094	1.0	4.024032243915215	0.0
6	V6	V1	V6	0.09839454006340201	0.07871563205072162	5.078715632050722	9.137387388610126	9.78679135302858	5.865506985079302	4.058671756559404	0.6494039644184539	4.78679135302858	0.0
6	V6	V6	V6	0.598575156906295	0.0	5.0	5.0	6.0	3.9505960355815475	0.0	1.0	1.0	89.41200107822871
6	V6	V7	V6	0.1515151515151515	0.12121212121212119	5.121212121212121	5.121212121212121	6.121212121212121	1.2424242424242415	0.0	1.0	1.121212121212121	0.0
6	V6	V10	V6	0.1515151515151515	0.12121212121212119	5.121212121212121	8.024032243915215	9.024032243915215	5.145244365127336	2.902820122703094	1.0	4.024032243915215	0.0
16	V0	V0	V0	0.8484848484848485	0.0	5.0	5.0	6.0	5.6000000000000005	0.0	1.0	1.0	139.39393939393938
16	V0	V1	V0	0.1515151515151515	0.12121212121212119	5.121212121212121	9.78679135302858	10.78679135302858	5.908003474240701	4.665579231816459	1.0	5.78679135302858	0.0
26	V5	V5	V5	0.8484848484848485	0.0	5.0	5.0	6.0	5.6000000000000005	0.0	1.0	1.0	139.39393939393938
26	V5	V10	V5	0.1515151515151515	0.12121212121212119	5.121212121212121	9.024032243915215	10.024032243915215	5.145244365127336	3.902820122703094	1.0	5.024032243915215	0.0
7	V6	V1	V6	0.03193397724838245	0.02554718179870596	6.025547181798706	10.78679135302858	10.997555602867903	5.7847483085253755	4.761244171229873	0.21076424983932363	4.997555602867903	0.0
7	V6	V6	V6	0.706391639926042	0.0	6.0	6.0	7.0	4.662184823511878	0.0	1.0	1.0	110.97529768217812
7	V6	V7	V6	0.11024406000386958	0.08819524800309565	6.088195248003096	6.121212121212121	6.84882291723766	0.9370181652407554	0.03301687320902502	0.7276107960255391	0.8488229172376598	0.0
7	V6	V10	V6	0.15143032282170618	0.12114425825736494	6.121144258257365	10.751723927517293	11.751164058140555	5.872308316397919	4.630579669259928	0.9994401306232614	5.751164058140555	0.0
17	V0	V0	V0	0.8845991630517023	0.0	6.0	6.0	7.0	5.838354476141236	0.0	1.0	1.0	146.61680230731014
17	V0	V1	V0	0.1154008369482978	0.09232066955863823	6.092320669558638	10.997555602867903	11.75920112672667	5.851521796285307	4.9052349333092655	0.7616455238587658	5.759201126726669	0.0
27	V5	V5	V5	0.889743684302715	0.0	6.0	6.0	7.0	5.872308316397919	0.0	1.0	1.0	147.64570655751268
27	V5	V10	V5	0.11025631569728454	0.08820505255782762	6.088205052557828	10.024032243915215	10.751723927517293	5.839369110698381	3.9358271913573875	0.7276916836020781	4.751723927517293	0.0
8	V6	V1	V6	5.491964674104242E-17	4.3935717392833936E-17	7.0	11.75920112672667	11.75920112672667	5.759201126726669	4.759201126726669	0.0	4.759201126726669	0.0
8	V6	V6	V6	0.8484848484848486	0.0	7.0	7.0	8.0	5.600000000000001	0.0	1.0	1.0	139.3939393939394
8	V6	V7	V6	0.1515151515151515	0.12121212121212119	7.121212121212121	7.121212121212121	8.121212121212121	1.121212121212121	0.0	1.0	1.121212121212121	0.0
18	V0	V0	V0	0.8484848484848485	0.0	7.0	7.0	8.0	5.6000000000000005	0.0	1.0	1.0	139.39393939393938
18	V0	V1	V0	0.1515151515151515	0.12121212121212119	7.121212121212121	11.75920112672667	12.75920112672667	5.880413247938791	4.637989005514548	1.0	5.759201126726669	0.0
28	V5	V5	V5	0.8484848484848485	0.0	7.0	7.0	8.0	5.6000000000000005	0.0	1.0	1.0	139.39393939393938
28	V5	V10	V5	0.1515151515151515	0.12121212121212119	7.121212121212121	11.751164058140555	12.751164058140555	5.872376179352673	4.629951936928434	1.0	5.751164058140555	0.0
9	V6	V1	V6	0.10870926951650461	0.08696741561320369	8.086967415613204	12.75920112672667	13.476682305535599	6.563649721148804	4.672233711113465	0.7174811788089297	5.476682305535599	0.0
9	V6	V6	V6	0.7397755789683439	0.0	8.0	8.0	9.0	4.88251882119107	0.0	1.0	1.0	117.65208549063847
9	V6	V7	V6	0.1515151515151515	0.12121212121212119	8.121212121212121	8.121212121212121	9.121212121212121	1.242424242424241	0.0	1.0	1.121212121212121	0.0
19	V0	V0	V0	0.8484848484848485	0.0	8.0	8.0	9.0	5.6000000000000005	0.0	1.0	1.0	139.39393939393938
29	V5	V5	V5	1.0	0.0	8.0	8.0	9.0	6.6000000000000005	0.0	1.0	1.0	169.6969696969697
10	V6	V6	V6	0.7085524565605452	0.0	9.0	9.0	10.0	4.676446213299599	0.0	1.0	1.0	111.40746100907874
10	V6	V7	V6	0.1515151515151515	0.12121212121212119	9.121212121212121	9.121212121212121	10.121212121212121	1.242424242424241	0.0	1.0	1.121212121212121	0.0
20	V0	V0	V0	0.9922504363922395	0.0	9.0	9.0	10.0	6.5488528801887815	0.0	1.0	1.0	168.1470569754176
30	V5	V5	V5	1.0	0.0	9.0	9.0	10.0	6.6000000000000005	0.0	1.0	1.0	169.6969696969697

 RSU TOPO 

ReqID	a(SrcNode)	i(DesNode)	k(Path)	p(Ratio)	dtTrans	tArrival	start	end	timeSer(PSO)	t_wait	t_proc	t_serv	moved_data	t_trans_vr	t_end_real
1	V6-R1	R2	R1	1.0	0.31515151515151524	0.7515151515151517	0.7515151515151517	0.7775151515151517	0.34115151515151526	0.0	0.026000000000000023	0.34115151515151526	0.0	0.43636363636363645	
11	V0-R0	R3	R0	1.0	0.5575757575757575	1.2363636363636363	1.2363636363636363	1.2823636363636364	0.6035757575757575	0.0	0.04600000000000004	0.6035757575757575	0.0	0.6787878787878787	
21	V5-R0	R1	R0	1.0	0.5575757575757575	1.2363636363636363	1.2363636363636363	1.2823636363636364	0.6035757575757575	0.0	0.04600000000000004	0.6035757575757575	0.0	0.6787878787878787	
2	V6-R1	R1	R1	1.0	0.0	1.4496984112487452	1.4496984112487452	1.4767985301767668	0.16510011892802148	0.0	0.027100118928021555	0.027100118928021555	0.0	0.44969841124874516	
12	V0-R0	R1	R0	1.0	0.5575757575757575	2.2363636363636363	2.2363636363636363	2.282363636363636	0.722675876503779	0.0	0.04599999999999982	0.6035757575757573	0.0	0.6787878787878787	
22	V5-R0	R1	R0	1.0	0.5575757575757575	2.2363636363636363	2.282363636363636	2.328363636363636	0.722675876503779	0.04599999999999982	0.04599999999999982	0.6495757575757571	0.0	0.6787878787878787	
3	V6-R1	R2	R1	1.0	0.37340325419017883	2.8680186295924788	2.8680186295924788	2.8988243980631685	0.4042090226608686	0.0	0.03080576847068972	0.40420902266086856	0.0	0.4946153754023	
13	V0-R0	R0	R0	1.0	0.0	2.6787878787878787	2.6787878787878787	2.7247878787878785	0.046	0.0	0.04599999999999982	0.04599999999999982	0.0	0.6787878787878787	
23	V5-R0	R3	R0	1.0	0.5575757575757575	3.2363636363636363	3.2363636363636363	3.282363636363636	0.6035757575757575	0.0	0.04599999999999982	0.6035757575757573	0.0	0.6787878787878787	
4	V6-R1	R2	R1	1.0	0.29636862728507274	3.713949375782267	3.713949375782267	3.7383997875332855	0.32081903903609127	0.0	0.024450411751018475	0.3208190390360912	0.0	0.41758074849719395	
14	V0-R0	R3	R0	1.0	0.5575757575757575	4.236363636363636	4.236363636363636	4.282363636363637	0.6955757575757575	0.0	0.04600000000000026	0.6035757575757578	0.0	0.6787878787878787	
24	V5-R0	R3	R0	1.0	0.5575757575757575	4.236363636363636	4.282363636363637	4.328363636363637	0.6955757575757575	0.04600000000000026	0.04600000000000026	0.649575757575758	0.0	0.6787878787878787	
5	V6-R1	R4	R1	1.0	0.43452278228125857	4.990257685774639	4.990257685774639	5.026105815312842	0.4703709118194624	0.0	0.03584812953820382	0.4703709118194624	0.0	0.5557349034933797	
15	V0-R0	R0	R0	1.0	0.0	4.678787878787879	4.678787878787879	4.724787878787879	0.04600000000000018	0.0	0.04600000000000026	0.04600000000000026	0.0	0.6787878787878787	
6	V6-R1	R1	R1	1.0	0.0	5.478860125525036	5.478860125525036	5.508366085880851	0.12150596035581572	0.0	0.029505960355815652	0.029505960355815652	0.0	0.47886012552503604	
16	V0-R1	R1	R1	1.0	0.0	5.678787878787879	5.724787878787879	5.770787878787879	0.12150596035581573	0.04600000000000026	0.04600000000000026	0.09200000000000053	0.0	0.6787878787878787	
26	V5-R1	R1	R1	1.0	0.0	5.678787878787879	5.678787878787879	5.724787878787879	0.12150596035581573	0.0	0.04600000000000026	0.04600000000000026	0.0	0.6787878787878787	
7	V6-R1	R1	R1	1.0	0.0	6.565113311940833	6.565113311940833	6.601735160175952	0.1337284761605103	0.0	0.036621848235118826	0.036621848235118826	0.0	0.5651133119408337	
17	V0-R1	R1	R1	1.0	0.0	6.707679330441362	6.707679330441362	6.756062875202774	0.1337284761605103	0.0	0.04838354476141227	0.04838354476141227	0.0	0.7076793304413618	
27	V5-R1	R1	R1	1.0	0.0	6.711794947442172	6.756062875202774	6.804785958366754	0.1337284761605103	0.04426792776060218	0.04872308316397955	0.09299101092458173	0.0	0.711794947442172	
8	V6-R1	R1	R1	1.0	0.0	7.678787878787879	7.770787878787879	7.8167878787878795	0.138	0.09200000000000053	0.04600000000000026	0.1380000000000008	0.0	0.6787878787878788	
18	V0-R1	R1	R1	1.0	0.0	7.678787878787879	7.678787878787879	7.724787878787879	0.138	0.0	0.04600000000000026	0.04600000000000026	0.0	0.6787878787878787	
28	V5-R1	R1	R1	1.0	0.0	7.678787878787879	7.724787878787879	7.770787878787879	0.138	0.04600000000000026	0.04600000000000026	0.09200000000000053	0.0	0.6787878787878787	
9	V6-R1	R1	R1	1.0	0.0	8.591820463174676	8.591820463174676	8.630645651386587	0.1408251882119107	0.0	0.038825188211911055	0.038825188211911055	0.0	0.5918204631746751	
19	V0-R1	R1	R1	1.0	0.0	8.67878787878788	8.67878787878788	8.724787878787879	0.1408251882119107	0.0	0.045999999999999375	0.045999999999999375	0.0	0.6787878787878787	
29	V5-R1	R1	R1	1.0	0.0	8.8	8.8	8.856	0.1408251882119107	0.0	0.05599999999999916	0.05599999999999916	0.0	0.8	
10	V6-R4	R4	R4	1.0	0.0	9.566841965248436	9.566841965248436	9.603606427381433	0.036764462132996	0.0	0.036764462132996556	0.036764462132996556	0.0	0.5668419652484362	
20	V0-R1	R1	R1	1.0	0.0	9.793800349113791	9.793800349113791	9.84928887791568	0.11148852880188781	0.0	0.05548852880188804	0.05548852880188804	0.0	0.7938003491137916	
30	V5-R1	R1	R1	1.0	0.0	9.8	9.84928887791568	9.905288877915678	0.11148852880188781	0.0492888779156786	0.05599999999999916	0.10528887791567776	0.0	0.8	
